namespace Back2Base.OrDemo
{
    public class DataModel
    {
        public long[,] DistanceMatrix = {
            {0, 5480, 7760, 6960, 5820, 2740, 5020, 1940, 3080, 1940, 5360, 5020, 3880, 3540, 4680, 7760, 6620},
            {5480, 0, 6840, 3080, 1940, 5020, 7300, 3540, 6960, 7420, 10840, 5940, 4800, 6740, 10160, 8680, 12100},
            {7760, 6840, 0, 9920, 8780, 5020, 2740, 8100, 4680, 7420, 4000, 12780, 11640, 11300, 7880, 15520, 7540},
            {6960, 3080, 9920, 0, 1140, 6500, 8780, 5020, 8440, 8900, 12320, 5140, 6280, 8220, 11640, 5600, 13580},
            {5820, 1940, 8780, 1140, 0, 5360, 7640, 3880, 7300, 7760, 11180, 4000, 5140, 7080, 10500, 6740, 12440},
            {2740, 5020, 5020, 6500, 5360, 0, 2280, 3080, 1940, 2400, 5820, 7760, 6620, 6280, 5140, 10500, 7080},
            {5020, 7300, 2740, 8780, 7640, 2280, 0, 5360, 1940, 4680, 3540, 10040, 8900, 8560, 5140, 12780, 4800},
            {1940, 3540, 8100, 5020, 3880, 3080, 5360, 0, 3420, 3880, 7300, 4680, 3540, 3200, 6620, 7420, 8560},
            {3080, 6960, 4680, 8440, 7300, 1940, 1940, 3420, 0, 2740, 3880, 8100, 6960, 6620, 3200, 10840, 5140},
            {1940, 7420, 7420, 8900, 7760, 2400, 4680, 3880, 2740, 0, 3420, 5360, 4220, 3880, 2740, 8100, 4680},
            {5360, 10840, 4000, 12320, 11180, 5820, 3540, 7300, 3880, 3420, 0, 8780, 7640, 7300, 3880, 11520, 3540},
            {5020, 5940, 12780, 5140, 4000, 7760, 10040, 4680, 8100, 5360, 8780, 0, 1140, 3080, 6500, 2740, 8440},
            {3880, 4800, 11640, 6280, 5140, 6620, 8900, 3540, 6960, 4220, 7640, 1140, 0, 1940, 5360, 3880, 7300},
            {3540, 6740, 11300, 8220, 7080, 6280, 8560, 3200, 6620, 3880, 7300, 3080, 1940, 0, 3420, 4220, 5360},
            {4680, 10160, 7880, 11640, 10500, 5140, 5140, 6620, 3200, 2740, 3880, 6500, 5360, 3420, 0, 7640, 1940},
            {7760, 8680, 15520, 5600, 6740, 10500, 12780, 7420, 10840, 8100, 11520, 2740, 3880, 4220, 7640, 0, 7980},
            {6620, 12100, 7540, 13580, 12440, 7080, 4800, 8560, 5140, 4680, 3540, 8440, 7300, 5360, 1940, 7980, 0}
        };

        public long[,] TimeMatrix = {
            {0, 12, 18, 16, 14, 6, 12, 4, 6, 4, 12, 12, 8, 8, 10, 18, 14},
            {12, 0, 16, 6, 4, 12, 16, 8, 16, 16, 26, 14, 10, 16, 24, 20, 28},
            {18, 16, 0, 22, 20, 12, 6, 18, 10, 16, 8, 30, 28, 26, 18, 36, 18},
            {16, 6, 22, 0, 2, 14, 20, 12, 20, 20, 28, 12, 14, 18, 28, 12, 32},
            {14, 4, 20, 2, 0, 12, 18, 8, 16, 18, 26, 8, 12, 16, 24, 16, 28},
            {6, 12, 12, 14, 12, 0, 4, 6, 4, 4, 14, 18, 14, 14, 12, 24, 16},
            {12, 16, 6, 20, 18, 4, 0, 12, 4, 10, 8, 24, 20, 20, 12, 30, 10},
            {4, 8, 18, 12, 8, 6, 12, 0, 8, 8, 16, 10, 8, 6, 14, 16, 20},
            {6, 16, 10, 20, 16, 4, 4, 8, 0, 6, 8, 18, 16, 14, 6, 26, 12},
            {4, 16, 16, 20, 18, 4, 10, 8, 6, 0, 8, 12, 10, 8, 6, 18, 10},
            {12, 26, 8, 28, 26, 14, 8, 16, 8, 8, 0, 20, 18, 16, 8, 26, 8},
            {12, 14, 30, 12, 8, 18, 24, 10, 18, 12, 20, 0, 2, 6, 14, 6, 20},
            {8, 10, 28, 14, 12, 14, 20, 8, 16, 10, 18, 2, 0, 4, 12, 8, 16},
            {8, 16, 26, 18, 16, 14, 20, 6, 14, 8, 16, 6, 4, 0, 8, 10, 12},
            {10, 24, 18, 28, 24, 12, 12, 14, 6, 6, 8, 14, 12, 8, 0, 18, 4},
            {18, 20, 36, 12, 16, 24, 30, 16, 26, 18, 26, 6, 8, 10, 18, 0, 18},
            {14, 28, 18, 32, 28, 16, 10, 20, 12, 10, 8, 20, 16, 12, 4, 18, 0}
        };

        // Pickup & Deliveries
        public long[] Demands = { 0, 4, 2, -2, 2, 1, -4, 8, -8, -1, -2, -8, 4, -4, 8, 8, -8 };

        public int[][] PickupsDeliveries = {
            new[] {1, 6},
            new[] {2, 10},
            new[] {4, 3},
            new[] {5, 9},
            new[] {7, 8},
            new[] {15, 11},
            new[] {12, 13},
            new[] {14, 16}
        };

        public long[,] TimeWindows = {
            { (0,0).T(),  (5,0).T()},   // depot
            { (7,0).T(), (12,0).T()},   // 1
            {(10,0).T(), (15,0).T()},   // 2
            {(16,0).T(), (18,0).T()},   // 3
            {(10,0).T(), (13,0).T()},   // 4
            { (0,0).T(),  (5,0).T()},   // 5
            { (5,0).T(), (10,0).T()},   // 6
            { (0,0).T(),  (4,0).T()},   // 7
            { (5,0).T(), (10,0).T()},   // 8
            { (0,0).T(),  (3,0).T()},   // 9
            {(10,0).T(), (16,0).T()},   // 10
            {(10,0).T(), (15,0).T()},   // 11
            { (0,0).T(),  (5,0).T()},   // 12
            { (5,0).T(), (10,0).T()},   // 13
            { (7,0).T(),  (8,0).T()},   // 14
            {(10,0).T(), (15,0).T()},   // 15
            {(11,0).T(), (15,0).T()}   // 16
        };

        public int VehicleCount = 4;
        public long[] VehicleCapacities = { 8, 8, 8, 8 };

        public int[] Starts = { 0, 0, 0, 0 };
        public int[] Ends = { 0, 0, 0, 0 };
        
        public long[] EndTimes =
        {
            (17, 0).T(),
            (17, 0).T(),
            (17, 0).T(),
            (17, 0).T()
        };
    }
}
